9 0 0 0
0 0 0 0
0 0 0 0
0 0 0 0
0 0 0 0
0 0 0 0
1 0 0 0 
2 0 0 0 
3 0 0 0
4 0 0 0
11 3 0 0
04 a0 3 0
04 a1 4 0 
07 a0 a1 21
04 a1 5 0 
07 a0 a1 29
04 a1 6 0 
07 a0 a1 37
04 a1 7 0 
07 a0 a1 45
04 a1 8 0 
07 a0 a1 53
11 0 0 0
04 a1 0 0
11 1 0 0
04 a2 1 0
00 a0 a1 a2
05 a0 2 0
10 2 0 0
06 8 0 0
11 0 0 0
04 a1 0 0
11 1 0 0
04 a2 1 0
01 a0 a1 a2
05 a0 2 0
10 2 0 0
06 8 0 0
11 0 0 0
04 a1 0 0
11 1 0 0
04 a2 1 0
02 a0 a1 a2
05 a0 2 0
10 2 0 0
06 8 0 0
11 0 0 0
04 a1 0 0
11 1 0 0
04 a2 1 0
03 a0 a1 a2
05 a0 2 0
10 2 0 0
06 8 0 0
12 0 0 0
