10 0 0 0 
0 0 0 0 
0 0 0 0 
0 0 0 0 
0 0 0 0 
0 0 0 0 
6 0 0 0 
1 0 0 0 
3 0 0 0 
0 0 0 0 
-1 0 0 0 
11 0 0 0 
04 a1 0 0 
04 a2 9 0 
07 a1 a2 43  
11 1 0 0 
04 a2 1 0 
00 a0 a1 a2 
05 a0 0 0 
11 2 0 0 
04 a1 2 0 
04 a2 0 0 
00 a0 a1 a2 
05 a0 1 0 
04 a1 1 0 
04 a2 7 0 
03 a0 a1 a2 
05 a0 8 0 
10 8 0 0 
04 a1 8 0 
04 a2 5 0 
07 a1 a2 33
08 a1 a2 33 
09 a1 a2 38 
04 a1 4 0 
04 a2 6 0 
00 a0 a1 a2 
05 a0 4 0 
06 10 0 0 
04 a1 3 0 
04 a2 6 0 
00 a0 a1 a2 
05 a0 3 0 
06 10 0 0 
10 3 0 0 
10 4 0 0 
12 0 0 0 
