12 0 0 0 
0 0 0 0 
0 0 0 0 
1 0 0 0 
2 0 0 0 
3 0 0 0 
4 0 0 0 
5 0 0 0 
6 0 0 0 
7 0 0 0 
8 0 0 0 
9 0 0 0 
10 0 0 0 
11 0 0 0 
04 a2 0 0 
04 a1 1 0 
02 a0 a1 a2 
05 a0 1 0 
04 a1 2 0 
02 a0 a1 a2 
05 a0 2 0 
04 a1 3 0  
02 a0 a1 a2 
05 a0 3 0 
04 a1 4 0 
02 a0 a1 a2 
05 a0 4 0 
04 a1 5 0  
02 a0 a1 a2 
05 a0 5 0 
04 a1 6 0  
02 a0 a1 a2 
05 a0 6 0 
04 a1 7 0  
02 a0 a1 a2 
05 a0 7 0 
04 a1 8 0  
02 a0 a1 a2 
05 a0 8 0 
04 a1 9 0 
02 a0 a1 a2 
05 a0 9 0 
04 a1 10 0  
02 a0 a1 a2 
05 a0 10 0 
04 a1 11 0 
02 a0 a1 a2 
05 a0 11 0 
10 1 0 0 
10 2 0 0 
10 3 0 0 
10 4 0 0 
10 5 0 0 
10 6 0 0 
10 7 0 0 
10 8 0 0 
10 9 0 0 
10 10 0 0 
10 11 0 0 
12 0 0 0 
